639.805237 432.084137 -251.364120 1050.770408 -0.582499 0.853912 -0.133753
306.979401 552.977051 -704.866211 2192.955215 -2.553604 1.257269 2.045462
410.156158 616.114685 -729.949646 1252.822372 0.055693 0.047945 -0.223276
327.080017 637.388733 -419.178925 1349.268776 1.253912 0.745017 -1.662437
553.457947 539.700806 -247.243851 908.375562 1.883196 0.152616 -2.803816
625.427917 537.259521 -176.344101 908.375562 2.676933 0.683484 3.037553
516.830139 589.256409 53.848850 402.731612 1.164862 0.473581 0.280952
669.091125 512.408875 -265.185486 1271.908675 0.613658 0.169712 0.188148
669.091125 512.408875 -265.185486 1271.908675 0.285305 0.100672 0.159735
669.091125 512.408875 -265.185486 1271.908675 0.187425 0.589090 0.157627
643.865784 438.139954 -253.635895 1050.770408 0.069812 0.584865 0.101459
639.805237 432.084137 -251.364120 1050.770408 -0.582499 0.853912 -0.133753